frame,ID,X,Y,Class,Color,Position,dx,dy
1,0,567,142,Ball,white,Ball,0,0
2,0,615,155,Ball,white,Ball,48,13
3,0,637,178,Ball,white,Ball,22,23
4,0,660,201,Ball,white,Ball,23,23
5,0,673,218,Ball,white,Ball,13,17
6,0,687,236,Ball,white,Ball,14,18
7,0,709,242,Ball,white,Ball,22,6
8,0,732,249,Ball,white,Ball,23,7
9,0,751,262,Ball,white,Ball,19,13
10,0,771,276,Ball,white,Ball,20,14
11,0,802,288,Ball,white,Ball,31,12
12,0,834,300,Ball,white,Ball,32,12
13,0,834,300,Ball,white,Ball,0,0
14,0,834,300,Ball,white,Ball,0,0
19,0,836,268,Ball,white,Ball,2,-32
20,0,767,266,Ball,white,Ball,-69,-2
21,0,767,266,Ball,white,Ball,0,0
22,0,767,266,Ball,white,Ball,0,0
25,0,978,275,Ball,white,Ball,211,9
26,0,1000,284,Ball,white,Ball,22,9
27,0,1016,298,Ball,white,Ball,16,14
28,0,1033,312,Ball,white,Ball,17,14
1,1,680,181,Player,blue,Attack,0,0
2,1,697,171,Player,blue,Attack,17,-10
3,1,703,168,Player,skyblue,Defense,6,-3
4,1,710,165,Player,skyblue,Defense,7,-3
5,1,710,168,Player,skyblue,Defense,0,3
6,1,710,172,Player,skyblue,Defense,0,4
7,1,726,174,Player,skyblue,Defense,16,2
8,1,743,176,Player,skyblue,Defense,17,2
9,1,755,177,Player,blue,Attack,12,1
10,1,768,178,Player,blue,Attack,13,1
11,1,782,194,Player,skyblue,Defense,14,16
12,1,796,210,Player,skyblue,Defense,14,16
13,1,799,214,Player,skyblue,Defense,3,4
14,1,802,218,Player,skyblue,Defense,3,4
15,1,807,222,Player,skyblue,Defense,5,4
16,1,813,227,Player,skyblue,Defense,6,5
17,1,818,231,Player,skyblue,Defense,5,4
18,1,824,236,Player,skyblue,Defense,6,5
19,1,829,237,Player,skyblue,Defense,5,1
20,1,834,238,Player,skyblue,Defense,5,1
1,2,670,315,Player,blue,Attack,0,0
2,2,686,304,Player,blue,Attack,16,-11
3,2,695,299,Player,blue,Attack,9,-5
4,2,705,294,Player,blue,Attack,10,-5
5,2,710,291,Player,blue,Attack,5,-3
6,2,715,289,Player,blue,Attack,5,-2
7,2,730,286,Player,blue,Attack,15,-3
8,2,746,284,Player,blue,Attack,16,-2
9,2,759,291,Player,blue,Attack,13,7
10,2,773,299,Player,blue,Attack,14,8
11,2,797,303,Player,blue,Attack,24,4
12,2,822,307,Player,blue,Attack,25,4
13,2,833,310,Player,blue,Attack,11,3
14,2,845,314,Player,blue,Attack,12,4
15,2,856,311,Player,blue,Attack,11,-3
16,2,868,308,Player,blue,Attack,12,-3
17,2,877,298,Player,blue,Attack,9,-10
18,2,887,288,Player,blue,Attack,10,-10
19,2,894,289,Player,blue,Attack,7,1
20,2,902,291,Player,blue,Attack,8,2
21,2,910,289,Player,blue,Attack,8,-2
22,2,919,287,Player,blue,Attack,9,-2
23,2,928,278,Player,blue,Attack,9,-9
24,2,937,270,Player,blue,Attack,9,-8
25,2,942,263,Player,blue,Attack,5,-7
26,2,947,257,Player,blue,Attack,5,-6
27,2,950,251,Player,blue,Attack,3,-6
28,2,953,245,Player,blue,Attack,3,-6
29,2,960,219,Player,blue,Attack,7,-26
30,2,968,193,Player,blue,Attack,8,-26
1,3,482,197,Player,blue,Attack,0,0
2,3,488,207,Player,blue,Attack,6,10
3,3,493,209,Player,blue,Attack,5,2
4,3,499,211,Player,blue,Attack,6,2
1,4,647,133,Player,blue,Attack,0,0
2,4,666,118,Player,blue,Attack,19,-15
3,4,673,117,Player,blue,Attack,7,-1
4,4,681,117,Player,blue,Attack,8,0
5,4,682,122,Player,skyblue,Defense,1,5
6,4,684,127,Player,skyblue,Defense,2,5
7,4,702,128,Player,blue,Attack,18,1
8,4,720,130,Player,blue,Attack,18,2
9,4,733,127,Player,skyblue,Defense,13,-3
10,4,747,125,Player,skyblue,Defense,14,-2
11,4,765,146,Player,skyblue,Defense,18,21
12,4,783,168,Player,skyblue,Defense,18,22
13,4,789,169,Player,blue,Attack,6,1
14,4,796,171,Player,blue,Attack,7,2
15,4,805,177,Player,blue,Attack,9,6
16,4,815,183,Player,blue,Attack,10,6
17,4,823,188,Player,blue,Attack,8,5
18,4,831,193,Player,blue,Attack,8,5
19,4,839,201,Player,blue,Attack,8,8
20,4,847,210,Player,blue,Attack,8,9
21,4,847,210,Player,blue,Attack,0,0
22,4,847,210,Player,blue,Attack,0,0
27,4,885,299,Player,red,Defense,38,89
28,4,887,300,Player,red,Defense,2,1
1,6,487,392,Player,blue,Attack,0,0
2,6,500,394,Player,blue,Attack,13,2
3,6,508,393,Player,blue,Attack,8,-1
4,6,517,392,Player,blue,Attack,9,-1
5,6,524,391,Player,blue,Attack,7,-1
6,6,532,391,Player,blue,Attack,8,0
7,6,539,393,Player,blue,Attack,7,2
8,6,547,395,Player,blue,Attack,8,2
1,7,596,139,Player,blue,Attack,0,0
2,7,609,142,Player,blue,Attack,13,3
3,7,615,144,Player,skyblue,Defense,6,2
4,7,621,147,Player,skyblue,Defense,6,3
5,7,624,154,Player,skyblue,Defense,3,7
6,7,627,162,Player,skyblue,Defense,3,8
7,7,640,165,Player,skyblue,Defense,13,3
8,7,654,169,Player,skyblue,Defense,14,4
9,7,664,169,Player,skyblue,Defense,10,0
10,7,675,169,Player,skyblue,Defense,11,0
11,7,694,188,Player,skyblue,Defense,19,19
12,7,714,207,Player,skyblue,Defense,20,19
13,7,716,204,Player,skyblue,Defense,2,-3
14,7,719,202,Player,skyblue,Defense,3,-2
1,9,514,125,Player,blue,Attack,0,0
2,9,518,121,Player,blue,Attack,4,-4
3,9,519,124,Player,skyblue,Defense,1,3
4,9,521,128,Player,skyblue,Defense,2,4
1,10,562,213,Player,skyblue,Defense,0,0
2,10,575,203,Player,skyblue,Defense,13,-10
3,10,581,203,Player,skyblue,Defense,6,0
4,10,588,203,Player,skyblue,Defense,7,0
5,10,592,207,Player,skyblue,Defense,4,4
6,10,597,211,Player,skyblue,Defense,5,4
7,10,608,214,Player,skyblue,Defense,11,3
8,10,619,218,Player,skyblue,Defense,11,4
9,10,627,222,Player,skyblue,Defense,8,4
10,10,635,227,Player,skyblue,Defense,8,5
1,11,486,132,Player,skyblue,Defense,0,0
2,11,499,138,Player,skyblue,Defense,13,6
3,11,507,141,Player,skyblue,Defense,8,3
4,11,516,145,Player,skyblue,Defense,9,4
5,11,521,145,Player,skyblue,Defense,5,0
6,11,526,146,Player,skyblue,Defense,5,1
1,12,556,288,Player,yellow,Not a player,0,0
2,12,572,286,Player,yellow,Not a player,16,-2
3,12,581,284,Player,yellow,Not a player,9,-2
4,12,590,282,Player,yellow,Not a player,9,-2
5,12,597,279,Player,skyblue,Defense,7,-3
6,12,604,276,Player,skyblue,Defense,7,-3
7,12,615,278,Player,yellow,Not a player,11,2
8,12,626,280,Player,yellow,Not a player,11,2
9,12,638,281,Player,yellow,Not a player,12,1
10,12,651,282,Player,yellow,Not a player,13,1
11,12,674,286,Player,yellow,Not a player,23,4
12,12,697,291,Player,yellow,Not a player,23,5
13,12,701,285,Player,skyblue,Defense,4,-6
14,12,706,280,Player,skyblue,Defense,5,-5
1,14,667,361,Player,blue,Attack,0,0
2,14,680,354,Player,blue,Attack,13,-7
3,14,688,350,Player,skyblue,Defense,8,-4
4,14,697,346,Player,skyblue,Defense,9,-4
5,14,703,337,Player,skyblue,Defense,6,-9
6,14,709,328,Player,skyblue,Defense,6,-9
7,14,721,325,Player,skyblue,Defense,12,-3
8,14,733,323,Player,skyblue,Defense,12,-2
9,14,745,330,Player,skyblue,Defense,12,7
10,14,758,337,Player,skyblue,Defense,13,7
11,14,758,337,Player,skyblue,Defense,0,0
12,14,758,337,Player,skyblue,Defense,0,0
17,14,871,314,Player,red,Defense,113,-23
18,14,871,314,Player,red,Defense,0,0
1,19,591,118,Player,blue,Attack,0,0
2,19,605,122,Player,blue,Attack,14,4
3,19,611,117,Player,skyblue,Defense,6,-5
4,19,617,113,Player,skyblue,Defense,6,-4
5,19,618,120,Player,skyblue,Defense,1,7
6,19,620,128,Player,skyblue,Defense,2,8
7,19,633,132,Player,skyblue,Defense,13,4
8,19,647,136,Player,skyblue,Defense,14,4
9,19,655,130,Player,skyblue,Defense,8,-6
10,19,663,124,Player,skyblue,Defense,8,-6
11,19,677,143,Player,skyblue,Defense,14,19
12,19,692,162,Player,skyblue,Defense,15,19
11,40,777,324,Player,skyblue,Defense,0,0
12,40,802,310,Player,skyblue,Defense,25,-14
13,40,810,312,Player,skyblue,Defense,8,2
14,40,819,314,Player,skyblue,Defense,9,2
15,40,826,310,Player,skyblue,Defense,7,-4
16,40,834,306,Player,skyblue,Defense,8,-4
17,40,837,306,Player,skyblue,Defense,3,0
18,40,841,306,Player,skyblue,Defense,4,0
19,40,843,305,Player,skyblue,Defense,2,-1
20,40,846,304,Player,skyblue,Defense,3,-1
21,40,847,304,Player,skyblue,Defense,1,0
22,40,849,304,Player,skyblue,Defense,2,0
23,40,851,304,Player,skyblue,Defense,2,0
24,40,854,304,Player,skyblue,Defense,3,0
25,40,855,300,Player,skyblue,Defense,1,-4
26,40,857,296,Player,skyblue,Defense,2,-4
13,52,911,315,Player,red,Defense,0,0
14,52,911,315,Player,red,Defense,0,0
15,58,874,313,Player,red,Defense,0,0
16,58,862,310,Player,red,Defense,-12,-3
21,89,852,248,Player,blue,Attack,0,0
22,89,864,250,Player,blue,Attack,12,2
23,89,886,255,Player,blue,Attack,22,5
24,89,909,261,Player,blue,Attack,23,6
25,89,919,261,Player,skyblue,Defense,10,0
26,89,929,262,Player,skyblue,Defense,10,1
27,89,939,265,Player,skyblue,Defense,10,3
28,89,949,268,Player,skyblue,Defense,10,3
29,89,968,266,Player,blue,Attack,19,-2
30,89,988,264,Player,blue,Attack,20,-2
23,93,865,304,Player,blue,Attack,0,0
24,93,874,302,Player,blue,Attack,9,-2
25,93,881,296,Player,red,Defense,7,-6
26,93,888,290,Player,red,Defense,7,-6
23,98,809,277,Player,yellow,Not a player,0,0
24,98,830,278,Player,yellow,Not a player,21,1
25,98,842,274,Player,yellow,Not a player,12,-4
26,98,854,270,Player,yellow,Not a player,12,-4
27,98,857,283,Player,yellow,Not a player,3,13
28,98,861,297,Player,yellow,Not a player,4,14
23,100,899,212,Player,blue,Attack,0,0
24,100,912,233,Player,blue,Attack,13,21
25,100,916,241,Player,blue,Attack,4,8
26,100,920,250,Player,blue,Attack,4,9
27,100,924,256,Player,blue,Attack,4,6
28,100,929,262,Player,blue,Attack,5,6
29,100,941,248,Player,blue,Attack,12,-14
30,100,954,235,Player,blue,Attack,13,-13
23,101,750,515,Player,blue,Attack,0,0
24,101,766,507,Player,blue,Attack,16,-8
25,101,776,494,Player,blue,Attack,10,-13
26,101,787,482,Player,blue,Attack,11,-12
25,105,844,241,Player,skyblue,Defense,0,0
26,105,853,249,Player,skyblue,Defense,9,8
27,105,862,261,Player,red,Defense,9,12
28,105,872,274,Player,red,Defense,10,13
29,105,890,263,Player,yellow,Not a player,18,-11
30,105,908,252,Player,yellow,Not a player,18,-11
